For pop size: 50, and no of gen: 10
gen     max             avg             min
0       0.664135767747  0.637480197577  0.627340763036
Pickled at gen: 0
1       0.664135767747  0.638539742434  0.621246275993
2       0.664135767747  0.639777540071  0.622176165032
3       0.664135767747  0.642175776985  0.622174204669
4       0.664141835474  0.644261190584  0.622174204669
5       0.664141835474  0.648883816519  0.625633640714
6       0.664141835474  0.651546599889  0.625630193933
7       0.664141835474  0.65369579776   0.635246360545
8       0.664141835474  0.653861591914  0.630767749868
9       0.664141835474  0.655013611398  0.616199803773
Pickled at gen: 9

Best individual has fitness: 0.664141835474

Evolving from specified checkpoint.
For pop size: 50, and no of gen: 20
gen     max             avg             min
10      0.664141835474  0.655108812484  0.616602798093
Pickled at gen: 10
11      0.664141835474  0.656124262412  0.621644535203
12      0.664141835474  0.655453706944  0.636024023731
13      0.664141835474  0.655473974525  0.630764481035
14      0.664141835474  0.655162887706  0.63416797514
15      0.664141835474  0.655085777234  0.636024023731
16      0.664141835474  0.655023426976  0.637920401067
17      0.664141835474  0.656230558983  0.637920401067
18      0.664141835474  0.654479781958  0.630194133376
19      0.664141835474  0.656098797073  0.636311414463
Pickled at gen: 19

Best individual has fitness: 0.664141835474

Evolving from specified checkpoint.
For pop size: 50, and no of gen: 50
gen     max             avg             min
20      0.664141835474  0.658733204174  0.63892176427
Pickled at gen: 20
21      0.664141835474  0.659901159291  0.63892176427
22      0.664141835474  0.661168592102  0.63416797514
23      0.664141835474  0.662984483151  0.64103754843
24      0.664141835474  0.661338575619  0.624341572583
25      0.664141835474  0.661978082566  0.637920401067
26      0.664141835474  0.661515820397  0.637920401067
27      0.664141835474  0.662996111141  0.637920401067
28      0.664141835474  0.662743106113  0.637920401067
29      0.664141835474  0.663353036268  0.653077184218
30      0.664141835474  0.663668954108  0.659428797902
Pickled at gen: 30
31      0.664141835474  0.66366980359   0.659428797902
32      0.664141835474  0.663858567802  0.659428797902
33      0.664141835474  0.663858689156  0.659428797902
34      0.664141835474  0.663858931865  0.659428797902
35      0.664141835474  0.663275017685  0.634940058734
36      0.664141835474  0.664141714119  0.664135767747
37      0.664141835474  0.664141835474  0.664141835474
38      0.664141835474  0.664141714119  0.664135767747
39      0.664141835474  0.664141835474  0.664141835474
40      0.664141835474  0.664047574723  0.659428797902
Pickled at gen: 40
41      0.664141835474  0.663953313971  0.659428797902
42      0.664141835474  0.663953313971  0.659428797902
43      0.664141835474  0.663953313971  0.659428797902
44      0.664141835474  0.663953313971  0.659428797902
45      0.664141835474  0.664141835474  0.664141835474
46      0.664141835474  0.664047574723  0.659428797902
47      0.664141835474  0.664047574723  0.659428797902
48      0.664141835474  0.664141835474  0.664141835474
49      0.664141835474  0.664047574723  0.659428797902
Pickled at gen: 49

Best individual has fitness: 0.664141835474

Evolving from specified checkpoint.
For pop size: 50, and no of gen: 100
gen     max             avg             min
50      0.664141835474  0.664141835474  0.664141835474
Pickled at gen: 50
51      0.664141835474  0.664141714119  0.664135767747
52      0.664141835474  0.664141835474  0.664141835474
53      0.664141835474  0.664047574723  0.659428797902
54      0.664141835474  0.663764792468  0.659428797902
55      0.664141835474  0.663953192617  0.659428797902
56      0.664141835474  0.664047332014  0.659428797902
57      0.664141835474  0.663953192617  0.659428797902
58      0.664141835474  0.663952949908  0.659428797902
59      0.664141835474  0.664047453368  0.659428797902
60      0.664141835474  0.663953192617  0.659428797902
Pickled at gen: 60
61      0.664141835474  0.664141835474  0.664141835474
62      0.664141835474  0.664141835474  0.664141835474
63      0.664141835474  0.664141835474  0.664141835474
64      0.664141835474  0.664047574723  0.659428797902
65      0.664141835474  0.664141835474  0.664141835474
66      0.664141835474  0.664141835474  0.664141835474
67      0.664141835474  0.663335443176  0.623822220592
68      0.664141835474  0.664141714119  0.664135767747
69      0.664141835474  0.664141714119  0.664135767747
70      0.664141835474  0.664047574723  0.659428797902
Pickled at gen: 70
71      0.664141835474  0.664047574723  0.659428797902
72      0.664141835474  0.663953313971  0.659428797902
73      0.664141835474  0.664047574723  0.659428797902
74      0.664141835474  0.664047574723  0.659428797902
75      0.664141835474  0.664141714119  0.664135767747
76      0.664141835474  0.664141835474  0.664141835474
77      0.664141835474  0.664141835474  0.664141835474
78      0.664141835474  0.664141835474  0.664141835474
79      0.664141835474  0.664141835474  0.664141835474
80      0.664141835474  0.664047453368  0.659428797902
Pickled at gen: 80
81      0.664141835474  0.664047574723  0.659428797902
82      0.664141835474  0.663953192617  0.659428797902
83      0.664141835474  0.664047574723  0.659428797902
84      0.664141835474  0.664047574723  0.659428797902
85      0.664141835474  0.664047574723  0.659428797902
86      0.664141835474  0.663953071262  0.659428797902
87      0.664141835474  0.663858567802  0.659428797902
88      0.664141835474  0.663636789358  0.653077184218
89      0.664141835474  0.663226732121  0.653077184218
90      0.664141835474  0.662357308969  0.628666935393
Pickled at gen: 90
91      0.664141835474  0.663187809515  0.646430151774
92      0.664141835474  0.663152816075  0.624207956586
93      0.664141835474  0.662449112258  0.624207956586
94      0.664141835474  0.664045754405  0.659428797902
95      0.664141835474  0.664140015156  0.664135767747
96      0.664141835474  0.664140136511  0.664135767747
97      0.664141835474  0.664140257865  0.664135767747
98      0.664141835474  0.664046361177  0.659428797902
99      0.664141835474  0.663465865661  0.630385818921
Pickled at gen: 99

Best individual has fitness: 0.664141835474

Evolving from specified checkpoint.
For pop size: 50, and no of gen: 200
gen     max             avg             min
100     0.664141835474  0.664046846595  0.659428797902
Pickled at gen: 100
101     0.664141835474  0.66414147141   0.664135767747
102     0.664141835474  0.66404696795   0.659428797902
103     0.664141835474  0.664141350056  0.664135767747
104     0.664141835474  0.664141228701  0.664135767747
105     0.664141835474  0.664047089304  0.659428797902
106     0.664141835474  0.663952585844  0.659428797902
107     0.664141835474  0.663858082383  0.659428797902
108     0.664141835474  0.662957218098  0.633225598481
109     0.664141835474  0.663763700277  0.659428797902
110     0.664141835474  0.663293367356  0.659428797902
Pickled at gen: 110
111     0.664141835474  0.663199106605  0.659428797902
112     0.664141835474  0.663387749462  0.659428797902
113     0.664141835474  0.663482010214  0.659428797902
114     0.664141835474  0.66385905322   0.659428797902
115     0.664141835474  0.663764792468  0.659428797902
116     0.664141835474  0.66385905322   0.659428797902
117     0.664141835474  0.663953313971  0.659428797902
118     0.664141835474  0.664141835474  0.664141835474
119     0.664141835474  0.664141835474  0.664141835474
120     0.664141835474  0.664141835474  0.664141835474
Pickled at gen: 120
121     0.664141835474  0.664141835474  0.664141835474
122     0.664141835474  0.664047574723  0.659428797902
123     0.664141835474  0.664047574723  0.659428797902
124     0.664141835474  0.663445613373  0.62933073043
125     0.664141835474  0.663953192617  0.659428797902
126     0.664141835474  0.663858689156  0.659428797902
127     0.664141835474  0.663858689156  0.659428797902
128     0.664141835474  0.663953192617  0.659428797902
129     0.664141835474  0.664047453368  0.659428797902
130     0.664141835474  0.664141835474  0.664141835474
Pickled at gen: 130
131     0.664141835474  0.664047574723  0.659428797902
132     0.664141835474  0.664141835474  0.664141835474
133     0.664141835474  0.664047574723  0.659428797902
134     0.664141835474  0.664141714119  0.664135767747
135     0.664141835474  0.664141835474  0.664141835474
136     0.664141835474  0.664141835474  0.664141835474
137     0.664141835474  0.663953313971  0.659428797902
138     0.664141835474  0.663953313971  0.659428797902
139     0.664141835474  0.66385905322   0.659428797902
140     0.664141835474  0.663764792468  0.659428797902
Pickled at gen: 140
141     0.664141835474  0.663764671114  0.659428797902
142     0.664141835474  0.663953071262  0.659428797902
143     0.664141835474  0.664047332014  0.659428797902
144     0.664141835474  0.664047332014  0.659428797902
145     0.664141835474  0.663953192617  0.659428797902
146     0.664141835474  0.66385905322   0.659428797902
147     0.664141835474  0.663953313971  0.659428797902
148     0.664141835474  0.663858810511  0.659428797902
149     0.664141835474  0.664141592765  0.664135767747
150     0.664141835474  0.66414147141   0.664135767747
Pickled at gen: 150
151     0.664141835474  0.664141228701  0.664135767747
152     0.664141835474  0.664140864638  0.664135767747
153     0.664141835474  0.664141350056  0.664135767747
154     0.664141835474  0.664141350056  0.664135767747
155     0.664141835474  0.664141592765  0.664135767747
156     0.664141835474  0.664141835474  0.664141835474
157     0.664141835474  0.664141714119  0.664135767747
158     0.664143688049  0.664141387107  0.664135767747
159     0.664143688049  0.663953351023  0.659428797902
160     0.664143688049  0.664047648826  0.659428797902
Pickled at gen: 160
161     0.664143688049  0.664141946629  0.664141835474
162     0.664143688049  0.664141862325  0.664135767747
163     0.664143688049  0.664141899377  0.664135767747
164     0.664143688049  0.664142205989  0.664141835474
165     0.664143688049  0.664142613556  0.664141835474
166     0.664143688049  0.664142835865  0.664141835474
167     0.664143688049  0.664142788613  0.664135767747
168     0.664143688049  0.663954503586  0.659428797902
169     0.664143688049  0.66395434518   0.659428797902
170     0.664143688049  0.663955605497  0.659463339677
Pickled at gen: 170
171     0.664143688049  0.663861817239  0.659463339677
172     0.664143688049  0.663580367421  0.659428797902
173     0.664143688049  0.663768079458  0.659428797902
174     0.664143688049  0.664049605363  0.659463339677
175     0.664143688049  0.664143140211  0.664138229507
176     0.664143688049  0.664143469707  0.664138229507
177     0.664143688049  0.664143578878  0.664138229507
178     0.664143688049  0.664143688049  0.664143688049
179     0.664143688049  0.664143688049  0.664143688049
180     0.664143688049  0.664049353195  0.659428797902
Pickled at gen: 180
181     0.664143688049  0.664049390246  0.659428797902
182     0.664143688049  0.663862176311  0.659428797902
183     0.664143688049  0.663862176311  0.659428797902
184     0.664143688049  0.663769260179  0.659463339677
185     0.664143688049  0.663862867147  0.659463339677
186     0.664143688049  0.663701433585  0.656073862548
187     0.664143688049  0.663862867147  0.659463339677
188     0.664143688049  0.664050081082  0.659463339677
189     0.664143688049  0.663956474114  0.659463339677
190     0.664143688049  0.663769223128  0.659463339677
Pickled at gen: 190
191     0.664143688049  0.663769151008  0.659463339677
192     0.664143688049  0.663862757976  0.659463339677
193     0.664143688049  0.663862830095  0.659463339677
194     0.664143688049  0.664143688049  0.664143688049
195     0.664143688049  0.664143688049  0.664143688049
196     0.664143688049  0.664050081082  0.659463339677
197     0.664143688049  0.664143688049  0.664143688049
198     0.664143688049  0.664143688049  0.664143688049
199     0.664143688049  0.664143688049  0.664143688049
Pickled at gen: 199

Best individual has fitness: 0.664143688049
